02143
03241
20413
03142
14032
41023
43102
20314
34120
32140
20143
24130
23401
20341
12340
01423
40231
21340
41032
10432
20431
23410
13042
23041
32014
12043
10324
12403
21430
32104
21034
41203
34210
34102
10243
31204
13024
43201
10234
31042
40132
41230
14023
02341
21043
30142
01324
30412
04321
03214
04132
14302
42301
03412
04213
24013
40312
04312
13420
42031
23140
43210
01243
32410
02134
20134
21403
02413
42103
03124
31420
02431
12304
30241
12034
14320
30124
01342
43120
41320
40123
31024
01432
01234
21304
04231
40213
42310
13204
34201
40321
13402
24031
14230
24310
31402
32041
23104
31240
43012
04123
12430
34012
02314
10342
03421
41302
13240
32401
34021
30214
23014
24103
42130
43021
10423
14203
30421
24301
42013